
Descriptive Statistics
=================================================================
Statistic  N   Mean   St. Dev.   Min   Pctl(25) Pctl(75)   Max   
-----------------------------------------------------------------
oecd       85   0.3     0.5       0       0        1        1    
pind       85   0.5     0.5       0       0        1        1    
pindo      85   0.6     0.5       0       0        1        1    
ctrycd     85  430.9   284.9     111     184      652      968   
col_uk     85   0.4     0.5       0       0        1        1    
t_indep    85  119.7    89.8      6       35      188      250   
col_uka    85   0.3     0.4       0       0       0.8       1    
col_espa   85   0.1     0.1      0.0     0.0      0.0      0.8   
col_otha   85   0.2     0.4       0       0       0.4       1    
legor_uk   85   0.4     0.5       0       0        1        1    
legor_so   85   0.1     0.3       0       0        0        1    
legor_fr   85   0.4     0.5       0       0        1        1    
legor_ge   85   0.1     0.3       0       0        0        1    
legor_sc   85   0.1     0.2       0       0        0        1    
prot80     85  17.5     25.5     0.0     0.9      29.6     97.8  
catho80    85  40.7     38.7     0.0     2.8      87.8     97.3  
confu      85   0.1     0.3       0       0        0        1    
avelf      85   0.3     0.3      0.0     0.1      0.4      0.8   
govef      81   4.2     1.8      0.8     2.7      5.6      7.3   
graft      81   4.2     1.9      0.7     2.6      5.6      6.9   
logyl      74   9.2     0.9      7.0     8.6      10.1     10.5  
loga       73   8.2     0.6      6.3     7.8      8.7      9.0   
yrsopen    75   0.5     0.5      0.0     0.1      0.8      4.1   
gadp       75   0.7     0.2      0.3     0.5      0.9      1.0   
engfrac    78   0.1     0.3      0.0     0.0      0.01     1.0   
eurfrac    78   0.4     0.4      0.0     0.0      0.9      1.0   
frankrom   78   2.9     0.8      0.9     2.3      3.4      5.6   
latitude   78  18.0     27.9    -36.9    0.5      41.9     63.9  
gastil     85   2.4     1.2      1.0     1.3      3.4      4.9   
cgexp      82  28.8     10.5     9.7     19.6     37.0     51.2  
cgrev      78  26.5     10.1     8.9     18.2     34.2     50.8  
ssw        71   8.1     6.7      0.1     1.4      13.2     22.4  
rgdph      85 6,688.6 5,495.2   530.2  2,202.6  11,390.5 20,782.8
trade      85  78.8     47.3    17.6     48.8    101.4    343.4  
prop1564   84  62.1     5.8     49.0     58.4     66.8     71.7  
prop65     84   8.4     4.9      2.3     3.9      13.0     17.4  
federal    83   0.2     0.4      0.0     0.0      0.0      1.0   
eduger     82  88.6     17.7    40.0     78.6     99.7    117.1  
spropn     77   0.1     0.2      0.0     0.0      0.1      1.0   
yearele    81 1,965.5   36.9   1,800.0 1,957.0  1,990.0  1,994.0 
yearreg    81 1,961.5   40.2   1,800.0 1,949.0  1,990.0  1,994.0 
seats      85  215.4   162.5    15.0     96.0    299.0    656.0  
maj        85   0.4     0.5       0       0        1        1    
pres       85   0.4     0.5       0       0        1        1    
lyp        85   8.4     1.0      6.3     7.7      9.3      9.9   
semi       85   0.1     0.3       0       0        0        1    
majpar     85   0.2     0.4       0       0       0.6       1    
majpres    85   0.1     0.3       0       0        0        1    
propres    85   0.3     0.4       0       0        1        1    
dem_age    85 1,958.3   43.7    1,800   1,948    1,989    1,994  
lat01      78   0.3     0.2     0.003    0.2      0.5      0.7   
age        85   0.2     0.2     0.03     0.1      0.3      1.0   
polityIV   80   7.2     3.6     -6.0     6.0      10.0     10.0  
spl        74  -2.2     3.5     -11.4    -4.2     -0.4     12.6  
cpi9500    71   4.8     2.4      0.3     2.9      6.8      8.2   
du_60ctry  85   0.7     0.5       0       0        1        1    
magn       84   0.5     0.4     0.01     0.1      1.0      1.0   
sdm        77   0.4     0.4     0.01     0.1      0.7      1.0   
oecd.x     85   0.3     0.4       0       0        1        1    
mining_gdp 77   4.3     6.7     0.02     0.4      4.5      37.2  
gini_8090  72  39.2     10.4    19.5     30.4     46.9     62.3  
con2150    85   0.1     0.3       0       0        0        1    
con5180    85   0.3     0.5       0       0        1        1    
con81      85   0.5     0.5       0       0        1        1    
list       84  114.5   129.6     0.0     0.0     183.4    510.3  
maj_bad    85   1.1     1.6       0       0       1.6       5    
maj_gin    72  16.4     21.0     0.0     0.0      35.9     62.0  
maj_old    85   0.1     0.2       0       0       0.1       1    
pres_bad   85   1.2     1.7      0.0     0.0      2.6      4.9   
pres_gin   72  16.7     22.9     0.0     0.0      42.1     62.0  
pres_old   85   0.1     0.2      0.0     0.0      0.1      1.0   
propar     85   0.4     0.5       0       0        1        1    
lpop       60  15.9     1.9     11.6     15.1     17.2     20.6  
-----------------------------------------------------------------
